equation: P0+a*exp(-((x-x0)/b)^c)
starting parameters:
	parameter	lower	start	upper
	a:	0	1	Inf
	b(s):	0	1.000000e-01	Inf
	c:	0	5.000000e-01	2
fitting results (reference):
	a:	9.577871e-01
	b(s):	2.758228e+01
	c:	1.162135e+00


