equation: P0+a_1*exp(-(x-x0)/b_1)+a_2*exp(-(x-x0)/b_2)
starting parameters:
	parameter	lower	start	upper
	a_1:	0	1	Inf
	b_1(s):	0	1.000000e-01	Inf
	a_2:	0	1.000000e-01	Inf
	b_2(s):	0	5	Inf
fitting results (reference):
	a_1:	1.000000e-01
	b_1(s):	6.000000e-01
	a_2:	9.000000e-01
	b_2(s):	3.710000e+01


