parameters:
	one transition count per molecule: yes
	state sequences re-arranged: no
	include static state sequences: yes
	x-axis: value before transition (m)
	y-axis: value after transition (m*)
	z-axis: occurence of transition amp(m,m*)
	x-lim: [-2.000000e-01,1.200000e+00], x bin: 2.500000e-02
	y-lim: [-2.000000e-01,1.200000e+00], y bin: 2.500000e-02

0	0	0	0	0	0	0	0	0	0	0	0	0	0	0	0	0	0	0	0	0	0	0	0	0	0	0	0	0	0	0	0	0	0	0	0	0	0	0	0	0	0	0	0	0	0	0	0	0	0	0	0	0	0	0	0	
0	0	0	0	0	0	0	0	0	0	0	0	0	0	0	0	0	0	0	0	0	0	0	0	0	0	0	0	0	0	0	0	0	0	0	0	0	0	0	0	0	0	0	0	0	0	0	0	0	0	0	0	0	0	0	0	
0	0	0	0	0	0	0	0	0	0	0	0	0	0	0	0	0	0	0	0	0	0	0	0	0	0	0	0	0	0	0	0	0	0	0	0	0	0	0	0	0	0	0	0	0	0	0	0	0	0	0	0	0	0	0	0	
0	0	0	0	0	0	0	0	0	0	0	0	0	0	0	0	0	0	0	0	0	0	0	0	0	0	0	0	0	0	0	0	0	0	0	0	0	0	0	0	0	0	0	0	0	0	0	0	0	0	0	0	0	0	0	0	
0	0	0	0	0	0	0	0	0	0	0	0	0	0	0	0	0	0	0	0	0	0	0	0	0	0	0	0	0	0	0	0	0	0	0	0	0	0	0	0	0	0	0	0	0	0	0	0	0	0	0	0	0	0	0	0	
0	0	0	0	0	0	0	0	0	0	0	0	0	0	0	0	0	0	0	0	0	0	0	0	0	0	0	0	0	0	0	0	0	0	0	0	0	0	0	0	0	0	0	0	0	0	0	0	0	0	0	0	0	0	0	0	
0	0	0	0	0	0	0	0	0	0	0	0	0	0	0	0	0	0	0	0	0	0	0	0	0	0	0	0	0	0	0	0	0	0	2.587929e-06	5.890098e-05	3.840827e-04	7.175609e-04	3.840827e-04	5.890098e-05	2.587929e-06	0	0	0	0	0	0	0	0	0	0	0	0	0	0	0	
0	0	0	0	0	0	0	0	0	0	0	0	0	0	0	0	0	0	0	0	0	0	0	0	0	0	0	0	0	0	0	0	0	0	5.890098e-05	1.340580e-03	8.741681e-03	1.633161e-02	8.741681e-03	1.340580e-03	5.890098e-05	0	0	0	0	0	0	0	0	0	0	0	0	0	0	0	
0	0	0	0	0	0	0	0	0	0	0	0	0	0	0	0	0	0	0	0	0	0	0	0	0	0	0	0	0	0	0	0	0	0	3.840827e-04	8.741681e-03	5.700292e-02	1.064955e-01	5.700292e-02	8.741681e-03	3.840827e-04	0	0	0	0	0	0	0	0	0	0	0	0	0	0	0	
0	0	0	0	0	0	0	0	0	0	0	0	0	0	0	0	2.587929e-06	5.890098e-05	3.840827e-04	7.175609e-04	3.840827e-04	5.890098e-05	2.587929e-06	0	0	0	0	0	0	0	0	0	0	0	7.175609e-04	1.633161e-02	1.064955e-01	1.989597e-01	1.064955e-01	1.633161e-02	7.175609e-04	0	0	0	0	0	0	0	0	0	0	0	0	0	0	0	
0	0	0	0	0	0	0	0	0	0	0	0	0	0	0	0	5.890098e-05	1.340580e-03	8.741681e-03	1.633161e-02	8.741681e-03	1.340580e-03	5.890098e-05	0	0	0	0	0	0	0	0	0	0	0	3.840827e-04	8.741681e-03	5.700292e-02	1.064955e-01	5.700292e-02	8.741681e-03	3.840827e-04	0	0	0	0	0	0	0	0	0	0	0	0	0	0	0	
0	0	0	0	0	0	0	0	0	0	0	2.587929e-06	5.890098e-05	3.840827e-04	7.175609e-04	3.840827e-04	4.429836e-04	8.744269e-03	5.700551e-02	1.065544e-01	5.738700e-02	9.459242e-03	7.681653e-04	5.890098e-05	2.587929e-06	0	0	0	0	2.587929e-06	5.890098e-05	3.840827e-04	7.175609e-04	3.840827e-04	1.178020e-04	1.343168e-03	8.741681e-03	1.633161e-02	8.741681e-03	1.340580e-03	5.890098e-05	0	0	0	0	0	0	0	0	0	0	0	0	0	0	0	
0	0	0	0	0	0	0	0	0	0	0	5.890098e-05	1.340580e-03	8.741681e-03	1.633161e-02	8.741681e-03	2.058141e-03	1.639051e-02	1.065544e-01	2.003003e-01	1.152372e-01	3.266322e-02	9.459242e-03	1.340580e-03	5.890098e-05	0	0	0	0	5.890098e-05	1.340580e-03	8.741681e-03	1.633161e-02	8.741681e-03	1.343168e-03	1.178020e-04	3.840827e-04	7.175609e-04	3.840827e-04	5.890098e-05	2.587929e-06	0	0	0	0	0	0	0	0	0	0	0	0	0	0	0	
0	0	0	0	0	0	0	0	0	0	0	3.840827e-04	8.741681e-03	5.700292e-02	1.064955e-01	5.700292e-02	9.125764e-03	9.125764e-03	5.738700e-02	1.152372e-01	1.140058e-01	1.152372e-01	5.738700e-02	8.741681e-03	3.840827e-04	0	0	0	0	3.840827e-04	8.741681e-03	5.700292e-02	1.064955e-01	5.700292e-02	8.744269e-03	4.429836e-04	3.840827e-04	7.175609e-04	3.840827e-04	5.890098e-05	2.587929e-06	0	0	0	0	0	0	0	0	0	0	0	0	0	0	0	
0	0	0	0	0	0	0	0	0	0	0	7.175609e-04	1.633161e-02	1.064955e-01	1.989597e-01	1.064955e-01	1.639051e-02	2.058141e-03	9.459242e-03	3.266322e-02	1.152372e-01	2.003003e-01	1.065544e-01	1.633161e-02	7.175609e-04	0	0	0	0	7.175609e-04	1.633161e-02	1.064955e-01	1.989597e-01	1.064955e-01	1.639051e-02	2.058141e-03	8.741681e-03	1.633161e-02	8.741681e-03	1.340580e-03	5.890098e-05	0	0	0	0	0	0	0	0	0	0	0	0	0	0	0	
0	0	0	0	0	0	0	0	0	0	0	3.840827e-04	8.741681e-03	5.700292e-02	1.064955e-01	5.700551e-02	8.803170e-03	8.270663e-04	1.485726e-03	9.843325e-03	5.744590e-02	1.065570e-01	5.700551e-02	8.741681e-03	3.840827e-04	0	0	0	0	3.840827e-04	8.741681e-03	5.700551e-02	1.065544e-01	5.738700e-02	9.843325e-03	9.509846e-03	5.706182e-02	1.064981e-01	5.700292e-02	8.741681e-03	3.840827e-04	0	0	0	0	0	0	0	0	0	0	0	0	0	0	0	
0	0	0	0	0	0	0	0	0	2.587929e-06	5.890098e-05	4.429836e-04	2.058141e-03	9.125764e-03	1.639051e-02	8.803170e-03	2.683748e-03	8.859483e-03	1.677459e-02	1.079982e-02	1.046634e-02	1.644941e-02	8.744269e-03	1.340580e-03	5.890098e-05	0	0	0	2.587929e-06	1.178020e-04	1.724663e-03	9.518143e-03	1.805627e-02	1.754226e-02	1.839234e-02	2.513219e-02	1.078361e-01	1.990186e-01	1.064955e-01	1.633161e-02	7.175609e-04	0	0	0	0	0	0	0	0	0	0	0	0	0	0	0	
0	0	0	0	0	0	0	0	0	5.890098e-05	1.340580e-03	8.744269e-03	1.639051e-02	9.125764e-03	2.058141e-03	8.270663e-04	8.859483e-03	5.834609e-02	1.152397e-01	7.339343e-02	1.786744e-02	2.442224e-03	4.429836e-04	5.890098e-05	2.587929e-06	0	0	0	5.890098e-05	1.343168e-03	8.800582e-03	1.709978e-02	1.820092e-02	5.872758e-02	1.069974e-01	6.574719e-02	6.574460e-02	1.068796e-01	5.700292e-02	8.741681e-03	3.840827e-04	0	0	0	0	0	0	0	0	0	0	0	0	0	0	0	
0	0	0	0	0	0	0	0	0	3.840827e-04	8.741681e-03	5.700551e-02	1.065544e-01	5.738700e-02	9.459242e-03	1.485726e-03	1.677459e-02	1.152397e-01	2.559627e-01	2.129910e-01	7.333453e-02	9.459242e-03	3.840827e-04	0	0	0	0	0	3.840827e-04	8.741681e-03	5.700551e-02	1.072719e-01	7.371861e-02	1.159547e-01	1.997868e-01	1.078950e-01	2.507588e-02	1.704917e-02	8.741681e-03	1.340580e-03	5.890098e-05	0	0	0	0	0	0	0	0	0	0	0	0	0	0	0	
0	0	0	0	0	0	0	0	0	7.175609e-04	1.633161e-02	1.065544e-01	2.003003e-01	1.152372e-01	3.266322e-02	9.843325e-03	1.079982e-02	7.339343e-02	2.129910e-01	2.559627e-01	1.152372e-01	1.671569e-02	7.175609e-04	0	0	0	0	0	7.175609e-04	1.633161e-02	1.065544e-01	2.006844e-01	1.239788e-01	8.966614e-02	1.159573e-01	5.840240e-02	9.184665e-03	1.101644e-03	3.840827e-04	5.890098e-05	2.587929e-06	0	0	0	0	0	0	0	0	0	0	0	0	0	0	0	
0	0	0	0	0	0	0	0	0	3.840827e-04	8.741681e-03	5.738700e-02	1.152372e-01	1.140058e-01	1.152372e-01	5.744590e-02	1.046634e-02	1.786744e-02	7.333453e-02	1.152372e-01	5.834350e-02	8.800582e-03	3.840827e-04	0	0	0	0	0	3.840827e-04	8.741681e-03	5.738700e-02	1.152961e-01	1.153464e-01	1.239788e-01	7.371861e-02	1.748336e-02	1.724663e-03	5.890098e-05	0	0	0	0	0	0	0	0	0	0	0	0	0	0	0	0	0	0	
0	0	0	0	0	0	0	0	0	5.890098e-05	1.340580e-03	9.459242e-03	3.266322e-02	1.152372e-01	2.003003e-01	1.065570e-01	1.644941e-02	2.442224e-03	9.459242e-03	1.671569e-02	8.800582e-03	1.343168e-03	5.890098e-05	0	0	0	0	0	5.890098e-05	1.340580e-03	9.459242e-03	3.266581e-02	1.152961e-01	2.006844e-01	1.072719e-01	1.671569e-02	7.764619e-04	2.587929e-06	0	0	0	0	0	0	0	0	0	0	0	0	0	0	0	0	0	0	
0	0	0	0	0	0	0	0	0	2.587929e-06	5.890098e-05	7.681653e-04	9.459242e-03	5.738700e-02	1.065544e-01	5.700551e-02	8.744269e-03	4.429836e-04	3.840827e-04	7.175609e-04	3.840827e-04	5.890098e-05	2.587929e-06	0	0	0	0	0	2.587929e-06	5.890098e-05	7.681653e-04	9.461830e-03	5.744590e-02	1.069385e-01	5.772307e-02	9.125764e-03	4.429836e-04	2.587929e-06	0	0	0	0	0	0	0	0	0	0	0	0	0	0	0	0	0	0	
0	0	0	0	0	0	0	0	0	0	0	5.890098e-05	1.340580e-03	8.741681e-03	1.633161e-02	8.741681e-03	1.340580e-03	5.890098e-05	2.587929e-06	5.890098e-05	3.840827e-04	7.175609e-04	3.840827e-04	6.148891e-05	6.148891e-05	3.840827e-04	7.175609e-04	3.840827e-04	5.890098e-05	2.587929e-06	6.148891e-05	1.458382e-03	1.046634e-02	2.579085e-02	2.545737e-02	1.014116e-02	1.402069e-03	5.890098e-05	0	0	0	0	0	0	0	0	0	0	0	0	0	0	0	0	0	0	
0	0	0	0	0	0	0	0	0	0	0	2.587929e-06	5.890098e-05	3.840827e-04	7.175609e-04	3.840827e-04	5.890098e-05	2.587929e-06	5.890098e-05	1.340580e-03	8.741681e-03	1.633161e-02	8.741681e-03	1.399481e-03	1.399481e-03	8.741681e-03	1.633161e-02	8.741681e-03	1.340580e-03	5.890098e-05	6.148891e-05	1.783564e-03	1.786744e-02	7.405209e-02	1.156212e-01	5.840240e-02	8.803170e-03	3.840827e-04	0	0	0	0	0	0	0	0	0	0	0	0	0	0	0	0	0	0	
0	0	0	0	0	0	0	0	0	0	0	0	0	0	0	0	0	0	3.840827e-04	8.741681e-03	5.700292e-02	1.064955e-01	5.700292e-02	9.125764e-03	9.125764e-03	5.700292e-02	1.064955e-01	5.700292e-02	8.741681e-03	3.840827e-04	3.840827e-04	9.459242e-03	7.333453e-02	2.129910e-01	2.559627e-01	1.152372e-01	1.671569e-02	7.175609e-04	0	0	0	0	0	0	0	0	0	0	0	0	0	0	0	0	0	0	
0	0	0	0	0	0	0	0	0	0	0	0	0	0	0	0	0	0	7.175609e-04	1.633161e-02	1.064955e-01	1.989597e-01	1.064955e-01	1.704917e-02	1.704917e-02	1.064955e-01	1.989597e-01	1.064955e-01	1.633161e-02	7.175609e-04	7.175609e-04	1.671569e-02	1.152372e-01	2.559627e-01	2.129910e-01	7.333453e-02	9.459242e-03	3.840827e-04	0	0	0	0	0	0	0	0	0	0	0	0	0	0	0	0	0	0	
0	0	0	0	0	0	0	0	0	0	0	0	0	0	0	0	0	0	3.840827e-04	8.741681e-03	5.700292e-02	1.064955e-01	5.700292e-02	9.125764e-03	9.125764e-03	5.700292e-02	1.064955e-01	5.700292e-02	8.741681e-03	3.840827e-04	3.840827e-04	8.800582e-03	5.834350e-02	1.152372e-01	7.333453e-02	1.748336e-02	1.724663e-03	5.890098e-05	0	0	0	0	0	0	0	0	0	0	0	0	0	0	0	0	0	0	
0	0	0	0	0	0	0	0	0	0	0	0	0	0	0	0	2.587929e-06	5.890098e-05	4.429836e-04	2.058141e-03	9.125764e-03	1.639051e-02	8.744269e-03	1.399481e-03	1.399481e-03	8.741681e-03	1.633161e-02	8.741681e-03	1.340580e-03	5.890098e-05	5.890098e-05	1.343168e-03	8.800582e-03	1.671569e-02	9.459242e-03	1.724663e-03	1.178020e-04	2.587929e-06	0	0	0	0	0	0	0	0	0	0	0	0	0	0	0	0	0	0	
0	0	0	0	0	0	0	0	0	0	0	2.587929e-06	5.890098e-05	3.840827e-04	7.175609e-04	3.840827e-04	1.178020e-04	1.343168e-03	8.744269e-03	1.639051e-02	9.125764e-03	2.058141e-03	4.429836e-04	6.148891e-05	6.148891e-05	3.840827e-04	7.175609e-04	3.840827e-04	5.890098e-05	2.587929e-06	2.587929e-06	5.890098e-05	3.840827e-04	7.175609e-04	3.840827e-04	5.890098e-05	2.587929e-06	0	0	0	0	0	0	0	0	0	0	0	0	0	0	0	0	0	0	0	
0	0	0	0	0	0	0	0	0	0	0	5.890098e-05	1.340580e-03	8.741681e-03	1.633161e-02	8.741681e-03	1.724663e-03	8.800582e-03	5.700551e-02	1.065544e-01	5.738700e-02	9.459242e-03	7.681653e-04	6.148891e-05	6.148891e-05	3.840827e-04	7.175609e-04	3.840827e-04	5.890098e-05	2.587929e-06	0	0	0	0	0	0	0	0	0	0	0	0	0	0	0	0	0	0	0	0	0	0	0	0	0	0	
0	0	0	0	0	0	0	0	0	0	0	3.840827e-04	8.741681e-03	5.700292e-02	1.064955e-01	5.700292e-02	9.459242e-03	1.671569e-02	1.065544e-01	2.003003e-01	1.152372e-01	3.266322e-02	9.461830e-03	1.458382e-03	1.783564e-03	9.459242e-03	1.671569e-02	8.800582e-03	1.343168e-03	5.890098e-05	0	0	0	0	0	2.587929e-06	5.890098e-05	3.840827e-04	7.175609e-04	3.840827e-04	5.890098e-05	2.587929e-06	0	0	0	0	0	0	0	0	0	0	0	0	0	0	
0	0	0	0	0	0	0	0	0	0	0	7.175609e-04	1.633161e-02	1.064955e-01	1.989597e-01	1.064955e-01	1.671569e-02	9.459242e-03	5.738700e-02	1.152372e-01	1.140058e-01	1.152372e-01	5.744590e-02	1.046634e-02	1.786744e-02	7.333453e-02	1.152372e-01	5.834350e-02	8.800582e-03	3.840827e-04	0	0	0	0	0	5.890098e-05	1.340580e-03	8.741681e-03	1.633161e-02	8.741681e-03	1.340580e-03	5.890098e-05	0	0	0	0	0	0	0	0	0	0	0	0	0	0	
0	0	0	0	0	0	0	0	0	0	0	3.840827e-04	8.741681e-03	5.700292e-02	1.064955e-01	5.700292e-02	8.800582e-03	1.724663e-03	9.459242e-03	3.266322e-02	1.152372e-01	2.003003e-01	1.069385e-01	2.579085e-02	7.405209e-02	2.129910e-01	2.559627e-01	1.152372e-01	1.671569e-02	7.175609e-04	0	0	0	0	0	3.840827e-04	8.741681e-03	5.700292e-02	1.064955e-01	5.700292e-02	8.741681e-03	3.840827e-04	0	0	0	0	0	0	0	0	0	0	0	0	0	0	
0	0	0	0	0	0	2.587929e-06	5.890098e-05	3.840827e-04	7.175609e-04	3.840827e-04	1.178020e-04	1.343168e-03	8.744269e-03	1.639051e-02	9.125764e-03	2.060729e-03	5.018846e-04	8.270663e-04	9.461830e-03	5.738700e-02	1.065544e-01	5.772307e-02	2.545737e-02	1.156212e-01	2.559627e-01	2.129910e-01	7.333453e-02	9.459242e-03	3.840827e-04	0	0	0	0	2.587929e-06	7.764619e-04	1.671569e-02	1.072130e-01	1.993438e-01	1.065544e-01	1.633420e-02	7.175609e-04	0	0	0	0	0	0	0	0	0	0	0	0	0	0	
0	0	0	0	0	0	5.890098e-05	1.340580e-03	8.741681e-03	1.633161e-02	8.741681e-03	1.343168e-03	1.178020e-04	4.429836e-04	2.058141e-03	9.125764e-03	1.639051e-02	8.744269e-03	1.399481e-03	1.399481e-03	8.741681e-03	1.633161e-02	9.125764e-03	1.014116e-02	5.840240e-02	1.152372e-01	7.333453e-02	1.748336e-02	1.724663e-03	5.890098e-05	0	0	0	0	5.890098e-05	1.724663e-03	1.748336e-02	7.333453e-02	1.152372e-01	5.834350e-02	8.800582e-03	3.840827e-04	0	0	0	0	0	0	0	0	0	0	0	0	0	0	
0	0	0	0	0	0	3.840827e-04	8.741681e-03	5.700292e-02	1.064955e-01	5.700292e-02	8.741681e-03	3.840827e-04	3.840827e-04	8.741681e-03	5.700292e-02	1.064955e-01	5.700292e-02	8.744269e-03	4.429836e-04	3.840827e-04	7.175609e-04	4.429836e-04	1.402069e-03	8.803170e-03	1.671569e-02	9.459242e-03	1.724663e-03	1.178020e-04	2.587929e-06	0	0	0	0	3.840827e-04	8.800582e-03	5.834350e-02	1.152372e-01	7.333453e-02	1.748336e-02	1.724663e-03	5.890098e-05	0	0	0	0	0	0	0	0	0	0	0	0	0	0	
0	0	0	0	0	0	7.175609e-04	1.633161e-02	1.064955e-01	1.989597e-01	1.064955e-01	1.633161e-02	7.175609e-04	7.175609e-04	1.633161e-02	1.064955e-01	1.989597e-01	1.064955e-01	1.633161e-02	7.175609e-04	0	0	2.587929e-06	5.890098e-05	3.840827e-04	7.175609e-04	3.840827e-04	5.890098e-05	2.587929e-06	0	0	0	0	0	7.175609e-04	1.633420e-02	1.065544e-01	1.993438e-01	1.072130e-01	1.671569e-02	7.764619e-04	2.587929e-06	0	0	0	0	0	0	0	0	0	0	0	0	0	0	
0	0	0	0	0	0	3.840827e-04	8.741681e-03	5.700292e-02	1.064955e-01	5.700292e-02	8.741681e-03	3.840827e-04	3.840827e-04	8.741681e-03	5.700292e-02	1.064955e-01	5.700292e-02	8.741681e-03	3.840827e-04	0	0	0	0	0	0	0	0	0	0	0	0	0	0	3.840827e-04	8.741681e-03	5.700292e-02	1.064955e-01	5.700292e-02	8.741681e-03	3.840827e-04	0	0	0	0	0	0	0	0	0	0	0	0	0	0	0	
0	0	0	0	0	0	5.890098e-05	1.340580e-03	8.741681e-03	1.633161e-02	8.741681e-03	1.340580e-03	5.890098e-05	5.890098e-05	1.340580e-03	8.741681e-03	1.633161e-02	8.741681e-03	1.340580e-03	5.890098e-05	0	0	0	0	0	0	0	0	0	0	0	0	0	0	5.890098e-05	1.340580e-03	8.741681e-03	1.633161e-02	8.741681e-03	1.340580e-03	5.890098e-05	0	0	0	0	0	0	0	0	0	0	0	0	0	0	0	
0	0	0	0	0	0	2.587929e-06	5.890098e-05	3.840827e-04	7.175609e-04	3.840827e-04	5.890098e-05	2.587929e-06	2.587929e-06	5.890098e-05	3.840827e-04	7.175609e-04	3.840827e-04	5.890098e-05	2.587929e-06	0	0	0	0	0	0	0	0	0	0	0	0	0	0	2.587929e-06	5.890098e-05	3.840827e-04	7.175609e-04	3.840827e-04	5.890098e-05	2.587929e-06	0	0	0	0	0	0	0	0	0	0	0	0	0	0	0	
0	0	0	0	0	0	0	0	0	0	0	0	0	0	0	0	0	0	0	0	0	0	0	0	0	0	0	0	0	0	0	0	0	0	0	0	0	0	0	0	0	0	0	0	0	0	0	0	0	0	0	0	0	0	0	0	
0	0	0	0	0	0	0	0	0	0	0	0	0	0	0	0	0	0	0	0	0	0	0	0	0	0	0	0	0	0	0	0	0	0	0	0	0	0	0	0	0	0	0	0	0	0	0	0	0	0	0	0	0	0	0	0	
0	0	0	0	0	0	0	0	0	0	0	0	0	0	0	0	0	0	0	0	0	0	0	0	0	0	0	0	0	0	0	0	0	0	0	0	0	0	0	0	0	0	0	0	0	0	0	0	0	0	0	0	0	0	0	0	
0	0	0	0	0	0	0	0	0	0	0	0	0	0	0	0	0	0	0	0	0	0	0	0	0	0	0	0	0	0	0	0	0	0	0	0	0	0	0	0	0	0	0	0	0	0	0	0	0	0	0	0	0	0	0	0	
0	0	0	0	0	0	0	0	0	0	0	0	0	0	0	0	0	0	0	0	0	0	0	0	0	0	0	0	0	0	0	0	0	0	0	0	0	0	0	0	0	0	0	0	0	0	0	0	0	0	0	0	0	0	0	0	
0	0	0	0	0	0	0	0	0	0	0	0	0	0	0	0	0	0	0	0	0	0	0	0	0	0	0	0	0	0	0	0	0	0	0	0	0	0	0	0	0	0	0	0	0	0	0	0	0	0	0	0	0	0	0	0	
0	0	0	0	0	0	0	0	0	0	0	0	0	0	0	0	0	0	0	0	0	0	0	0	0	0	0	0	0	0	0	0	0	0	0	0	0	0	0	0	0	0	0	0	0	0	0	0	0	0	0	0	0	0	0	0	
0	0	0	0	0	0	0	0	0	0	0	0	0	0	0	0	0	0	0	0	0	0	0	0	0	0	0	0	0	0	0	0	0	0	0	0	0	0	0	0	0	0	0	0	0	0	0	0	0	0	0	0	0	0	0	0	
0	0	0	0	0	0	0	0	0	0	0	0	0	0	0	0	0	0	0	0	0	0	0	0	0	0	0	0	0	0	0	0	0	0	0	0	0	0	0	0	0	0	0	0	0	0	0	0	0	0	0	0	0	0	0	0	
0	0	0	0	0	0	0	0	0	0	0	0	0	0	0	0	0	0	0	0	0	0	0	0	0	0	0	0	0	0	0	0	0	0	0	0	0	0	0	0	0	0	0	0	0	0	0	0	0	0	0	0	0	0	0	0	
0	0	0	0	0	0	0	0	0	0	0	0	0	0	0	0	0	0	0	0	0	0	0	0	0	0	0	0	0	0	0	0	0	0	0	0	0	0	0	0	0	0	0	0	0	0	0	0	0	0	0	0	0	0	0	0	
0	0	0	0	0	0	0	0	0	0	0	0	0	0	0	0	0	0	0	0	0	0	0	0	0	0	0	0	0	0	0	0	0	0	0	0	0	0	0	0	0	0	0	0	0	0	0	0	0	0	0	0	0	0	0	0	
0	0	0	0	0	0	0	0	0	0	0	0	0	0	0	0	0	0	0	0	0	0	0	0	0	0	0	0	0	0	0	0	0	0	0	0	0	0	0	0	0	0	0	0	0	0	0	0	0	0	0	0	0	0	0	0	
0	0	0	0	0	0	0	0	0	0	0	0	0	0	0	0	0	0	0	0	0	0	0	0	0	0	0	0	0	0	0	0	0	0	0	0	0	0	0	0	0	0	0	0	0	0	0	0	0	0	0	0	0	0	0	0	
0	0	0	0	0	0	0	0	0	0	0	0	0	0	0	0	0	0	0	0	0	0	0	0	0	0	0	0	0	0	0	0	0	0	0	0	0	0	0	0	0	0	0	0	0	0	0	0	0	0	0	0	0	0	0	0	
