parameters:
	one transition count per molecule: no
	state sequences re-arranged: no
	include static state sequences: no
	x-axis: value before transition (m)
	y-axis: value after transition (m*)
	z-axis: occurence of transition amp(m,m*)
	x-lim: [-2.000000e-01,1.200000e+00], x bin: 2.500000e-02
	y-lim: [-2.000000e-01,1.200000e+00], y bin: 2.500000e-02

0	0	0	0	0	0	0	0	0	0	0	0	0	0	0	0	0	0	0	0	0	0	0	0	0	0	0	0	0	0	0	0	0	0	0	0	0	0	0	0	0	0	0	0	0	0	0	0	0	0	0	0	0	0	0	0	
0	0	0	0	0	0	0	0	0	0	0	0	0	0	0	0	0	0	0	0	0	0	0	0	0	0	0	0	0	0	0	0	0	0	0	0	0	0	0	0	0	0	0	0	0	0	0	0	0	0	0	0	0	0	0	0	
0	0	0	0	0	0	0	0	0	0	0	0	0	0	0	0	0	0	0	0	0	0	0	0	0	0	0	0	0	0	0	0	0	0	0	0	0	0	0	0	0	0	0	0	0	0	0	0	0	0	0	0	0	0	0	0	
0	0	0	0	0	0	0	0	0	0	0	0	0	0	0	0	0	0	0	0	0	0	0	0	0	0	0	0	0	0	0	0	0	0	0	0	0	0	0	0	0	0	0	0	0	0	0	0	0	0	0	0	0	0	0	0	
0	0	0	0	0	0	0	0	0	0	0	0	0	0	0	0	0	0	0	0	0	0	0	0	0	0	0	0	0	0	0	0	0	0	0	0	0	0	0	0	0	0	0	0	0	0	0	0	0	0	0	0	0	0	0	0	
0	0	0	0	0	0	0	0	0	0	0	0	0	0	0	0	0	0	0	0	0	0	0	0	0	0	0	0	0	0	0	0	0	0	0	0	0	0	0	0	0	0	0	0	0	0	0	0	0	0	0	0	0	0	0	0	
0	0	0	0	0	0	0	0	0	0	0	0	0	0	0	0	0	0	0	0	0	0	0	0	0	0	0	0	0	0	0	0	0	0	7.763786e-06	1.767029e-04	1.152248e-03	2.152683e-03	1.152248e-03	1.767029e-04	7.763786e-06	0	0	0	0	0	0	0	0	0	0	0	0	0	0	0	
0	0	0	0	0	0	0	0	0	0	0	0	0	0	0	0	0	0	0	0	0	0	0	0	0	0	0	0	0	0	0	0	0	0	1.767029e-04	4.021741e-03	2.622504e-02	4.899483e-02	2.622504e-02	4.021741e-03	1.767029e-04	0	0	0	0	0	0	0	0	0	0	0	0	0	0	0	
0	0	0	0	0	0	0	0	0	0	0	0	0	0	0	0	0	0	0	0	0	0	0	0	0	0	0	0	0	0	0	0	0	0	1.152248e-03	2.622504e-02	1.710088e-01	3.194864e-01	1.710088e-01	2.622504e-02	1.152248e-03	0	0	0	0	0	0	0	0	0	0	0	0	0	0	0	
0	0	0	0	0	0	0	0	0	0	0	0	0	0	0	0	2.587929e-06	5.890098e-05	3.840827e-04	7.175609e-04	3.840827e-04	5.890098e-05	2.587929e-06	0	0	0	0	0	0	0	0	0	0	0	2.152683e-03	4.899483e-02	3.194864e-01	5.968792e-01	3.194864e-01	4.899483e-02	2.152683e-03	0	0	0	0	0	0	0	0	0	0	0	0	0	0	0	
0	0	0	0	0	0	0	0	0	0	0	0	0	0	0	0	5.890098e-05	1.340580e-03	8.741681e-03	1.633161e-02	8.741681e-03	1.340580e-03	5.890098e-05	0	0	0	0	0	0	0	0	0	0	0	1.152248e-03	2.622504e-02	1.710088e-01	3.194864e-01	1.710088e-01	2.622504e-02	1.152248e-03	0	0	0	0	0	0	0	0	0	0	0	0	0	0	0	
0	0	0	0	0	0	0	0	0	0	0	0	0	0	0	0	3.840827e-04	8.741681e-03	5.700551e-02	1.065544e-01	5.738700e-02	9.459242e-03	7.681653e-04	5.890098e-05	2.587929e-06	0	0	0	0	7.763786e-06	1.767029e-04	1.152248e-03	2.152683e-03	1.152248e-03	3.534059e-04	4.029504e-03	2.622504e-02	4.899483e-02	2.622504e-02	4.021741e-03	1.767029e-04	0	0	0	0	0	0	0	0	0	0	0	0	0	0	0	
0	0	0	0	0	0	0	0	0	0	0	0	0	0	0	0	7.175609e-04	1.633161e-02	1.065544e-01	2.003003e-01	1.152372e-01	3.266322e-02	9.459242e-03	1.340580e-03	5.890098e-05	0	0	0	0	1.767029e-04	4.021741e-03	2.622504e-02	4.899483e-02	2.622504e-02	4.029504e-03	3.534059e-04	1.152248e-03	2.152683e-03	1.152248e-03	1.767029e-04	7.763786e-06	0	0	0	0	0	0	0	0	0	0	0	0	0	0	0	
0	0	0	0	0	0	0	0	0	0	0	0	0	0	0	0	3.840827e-04	8.741681e-03	5.738700e-02	1.152372e-01	1.140058e-01	1.152372e-01	5.738700e-02	8.741681e-03	3.840827e-04	0	0	0	0	1.152248e-03	2.622504e-02	1.710088e-01	3.194864e-01	1.710088e-01	2.623539e-02	1.387852e-03	1.536331e-03	2.870243e-03	1.536331e-03	2.356039e-04	1.035171e-05	0	0	0	0	0	0	0	0	0	0	0	0	0	0	0	
0	0	0	0	0	0	0	0	0	0	0	0	0	0	0	0	5.890098e-05	1.340580e-03	9.459242e-03	3.266322e-02	1.152372e-01	2.003003e-01	1.065544e-01	1.633161e-02	7.175609e-04	0	0	0	0	2.152683e-03	4.899483e-02	3.194864e-01	5.968792e-01	3.194864e-01	4.923043e-02	7.515003e-03	3.496672e-02	6.532644e-02	3.496672e-02	5.362321e-03	2.356039e-04	0	0	0	0	0	0	0	0	0	0	0	0	0	0	0	
0	0	0	0	0	0	0	0	0	0	0	0	0	0	0	0	2.587929e-06	5.890098e-05	7.681653e-04	9.459242e-03	5.738700e-02	1.065544e-01	5.700551e-02	8.741681e-03	3.840827e-04	0	0	0	0	1.152248e-03	2.622504e-02	1.710113e-01	3.195453e-01	1.713928e-01	2.847893e-02	3.650305e-02	2.280706e-01	4.259845e-01	2.280117e-01	3.496672e-02	1.536331e-03	0	0	0	0	0	0	0	0	0	0	0	0	0	0	0	
0	0	0	0	0	0	0	0	0	5.175857e-06	1.178020e-04	7.681653e-04	1.435122e-03	7.681653e-04	1.178020e-04	5.175857e-06	0	0	5.890098e-05	1.340580e-03	8.741681e-03	1.633161e-02	8.741681e-03	1.340580e-03	5.890098e-05	0	0	0	2.587929e-06	2.356039e-04	4.405823e-03	2.700150e-02	5.071949e-02	3.502562e-02	2.322618e-02	7.424482e-02	4.273225e-01	7.958979e-01	4.259819e-01	6.532644e-02	2.870243e-03	0	0	0	0	0	0	0	0	0	0	0	0	0	0	0	
0	0	0	0	0	0	0	0	0	1.178020e-04	2.681160e-03	1.748336e-02	3.266322e-02	1.748336e-02	2.681160e-03	1.178020e-04	0	0	2.587929e-06	5.890098e-05	3.840827e-04	7.175609e-04	3.840827e-04	5.890098e-05	2.587929e-06	0	0	0	5.890098e-05	1.348344e-03	8.918384e-03	1.786794e-02	1.963604e-02	5.949575e-02	1.082674e-01	9.197741e-02	2.367534e-01	4.263660e-01	2.280117e-01	3.496672e-02	1.536331e-03	0	0	0	0	0	0	0	0	0	0	0	0	0	0	0	
0	0	0	0	0	0	0	0	0	7.681653e-04	1.748336e-02	1.140084e-01	2.130499e-01	1.143899e-01	1.820092e-02	1.152248e-03	5.890098e-05	2.587929e-06	0	0	0	0	0	0	0	0	0	0	3.840827e-04	8.741681e-03	5.700551e-02	1.072719e-01	7.371861e-02	1.159547e-01	1.999635e-01	1.119167e-01	5.130092e-02	6.604400e-02	3.496672e-02	5.362321e-03	2.356039e-04	0	0	0	0	0	0	0	0	0	0	0	0	0	0	0	
0	0	0	0	0	0	0	0	0	1.435122e-03	3.266322e-02	2.130499e-01	3.992601e-01	2.217326e-01	4.899483e-02	1.017680e-02	1.340580e-03	5.890098e-05	0	0	0	0	0	0	0	0	0	0	7.175609e-04	1.633161e-02	1.065544e-01	2.006844e-01	1.239788e-01	8.966614e-02	1.159651e-01	5.857910e-02	1.033691e-02	3.254326e-03	1.536331e-03	2.356039e-04	1.035171e-05	0	0	0	0	0	0	0	0	0	0	0	0	0	0	0	
0	0	0	0	0	0	0	0	0	7.681653e-04	1.748336e-02	1.143899e-01	2.217326e-01	1.710088e-01	1.239788e-01	5.777109e-02	8.741681e-03	3.840827e-04	0	0	0	0	0	0	0	0	0	0	3.840827e-04	8.741681e-03	5.738700e-02	1.152961e-01	1.153464e-01	1.239788e-01	7.371861e-02	1.748336e-02	1.724663e-03	5.890098e-05	0	0	0	0	0	0	0	0	0	0	0	0	0	0	0	0	0	0	
0	0	0	0	0	0	0	0	0	1.178020e-04	2.681160e-03	1.820092e-02	4.899483e-02	1.239788e-01	2.016409e-01	1.066133e-01	1.633161e-02	7.175609e-04	0	0	0	0	0	0	0	0	0	0	5.890098e-05	1.340580e-03	9.459242e-03	3.266581e-02	1.152961e-01	2.006844e-01	1.072719e-01	1.671569e-02	7.764619e-04	2.587929e-06	0	0	0	0	0	0	0	0	0	0	0	0	0	0	0	0	0	0	
0	0	0	0	0	0	0	0	0	5.175857e-06	1.178020e-04	1.152248e-03	1.017680e-02	5.777109e-02	1.066133e-01	5.700810e-02	8.741681e-03	3.840827e-04	0	0	0	0	0	0	0	0	0	0	2.587929e-06	5.890098e-05	7.681653e-04	9.461830e-03	5.744590e-02	1.069385e-01	5.772307e-02	9.125764e-03	4.429836e-04	2.587929e-06	0	0	0	0	0	0	0	0	0	0	0	0	0	0	0	0	0	0	
0	0	0	0	0	0	0	0	0	0	0	5.890098e-05	1.340580e-03	8.741681e-03	1.633161e-02	8.741681e-03	1.340580e-03	5.890098e-05	2.587929e-06	5.890098e-05	3.840827e-04	7.175609e-04	3.840827e-04	5.890098e-05	2.587929e-06	0	0	0	0	0	6.407684e-05	1.517283e-03	1.085043e-02	2.650841e-02	2.584146e-02	1.020006e-02	1.404657e-03	5.890098e-05	0	0	0	0	0	0	0	0	0	0	0	0	0	0	0	0	0	0	
0	0	0	0	0	0	0	0	0	0	0	2.587929e-06	5.890098e-05	3.840827e-04	7.175609e-04	3.840827e-04	5.890098e-05	2.587929e-06	5.890098e-05	1.340580e-03	8.741681e-03	1.633161e-02	8.741681e-03	1.340580e-03	5.890098e-05	0	0	0	0	0	1.203899e-04	3.124144e-03	2.660913e-02	9.038370e-02	1.243629e-01	5.974298e-02	8.862071e-03	3.840827e-04	0	0	0	0	0	0	0	0	0	0	0	0	0	0	0	0	0	0	
0	0	0	0	0	0	0	0	0	0	0	0	0	0	0	0	0	0	3.840827e-04	8.741681e-03	5.700292e-02	1.064955e-01	5.700292e-02	8.741681e-03	3.840827e-04	0	0	0	0	0	7.681653e-04	1.820092e-02	1.303375e-01	3.194864e-01	3.129656e-01	1.239788e-01	1.709978e-02	7.175609e-04	0	0	0	0	0	0	0	0	0	0	0	0	0	0	0	0	0	0	
0	0	0	0	0	0	0	0	0	0	0	0	0	0	0	0	0	0	7.175609e-04	1.633161e-02	1.064955e-01	1.989597e-01	1.064955e-01	1.633161e-02	7.175609e-04	0	0	0	0	0	1.435122e-03	3.304730e-02	2.217326e-01	4.549224e-01	3.194864e-01	8.966614e-02	1.017680e-02	3.840827e-04	0	0	0	0	0	0	0	0	0	0	0	0	0	0	0	0	0	0	
0	0	0	0	0	0	0	0	0	0	0	0	0	0	0	0	0	0	3.840827e-04	8.741681e-03	5.700292e-02	1.064955e-01	5.700292e-02	8.741681e-03	3.840827e-04	0	0	0	0	0	7.681653e-04	1.754226e-02	1.153464e-01	2.217326e-01	1.303375e-01	2.622504e-02	2.108746e-03	5.890098e-05	0	0	0	0	0	0	0	0	0	0	0	0	0	0	0	0	0	0	
0	0	0	0	0	0	0	0	0	0	0	0	0	0	0	0	2.587929e-06	5.890098e-05	4.429836e-04	2.058141e-03	9.125764e-03	1.639051e-02	8.744269e-03	1.340580e-03	5.890098e-05	0	0	0	0	0	1.178020e-04	2.683748e-03	1.754226e-02	3.304730e-02	1.820092e-02	3.065243e-03	1.767029e-04	2.587929e-06	0	0	0	0	0	0	0	0	0	0	0	0	0	0	0	0	0	0	
0	0	0	0	0	0	0	0	0	0	0	7.763786e-06	1.767029e-04	1.152248e-03	2.152683e-03	1.152248e-03	2.356039e-04	1.348344e-03	8.744269e-03	1.639051e-02	9.125764e-03	2.058141e-03	4.429836e-04	5.890098e-05	2.587929e-06	0	0	0	0	0	5.175857e-06	1.178020e-04	7.681653e-04	1.435122e-03	7.681653e-04	1.178020e-04	5.175857e-06	0	0	0	0	0	0	0	0	0	0	0	0	0	0	0	0	0	0	0	
0	0	0	0	0	0	0	0	0	0	0	1.767029e-04	4.021741e-03	2.622504e-02	4.899483e-02	2.622504e-02	4.405823e-03	8.918384e-03	5.700551e-02	1.065544e-01	5.738700e-02	9.459242e-03	7.681653e-04	6.407684e-05	1.203899e-04	7.681653e-04	1.435122e-03	7.681653e-04	1.178020e-04	5.175857e-06	0	0	0	0	0	0	0	0	0	0	0	0	0	0	0	0	0	0	0	0	0	0	0	0	0	0	
0	0	0	0	0	0	0	0	0	0	0	1.152248e-03	2.622504e-02	1.710088e-01	3.194864e-01	1.710088e-01	2.694260e-02	1.748386e-02	1.065544e-01	2.003003e-01	1.152372e-01	3.266322e-02	9.461830e-03	1.517283e-03	3.124144e-03	1.820092e-02	3.304730e-02	1.754226e-02	2.683748e-03	1.178020e-04	0	0	0	0	0	2.587929e-06	5.890098e-05	3.840827e-04	7.175609e-04	3.840827e-04	5.890098e-05	2.587929e-06	0	0	0	0	0	0	0	0	0	0	0	0	0	0	
0	0	0	0	0	0	0	0	0	0	0	2.152683e-03	4.899483e-02	3.194864e-01	5.968792e-01	3.194864e-01	4.937891e-02	1.089436e-02	5.738700e-02	1.152372e-01	1.140058e-01	1.152372e-01	5.744590e-02	1.085043e-02	2.660913e-02	1.303375e-01	2.217326e-01	1.153464e-01	1.754226e-02	7.681653e-04	0	0	0	0	0	5.890098e-05	1.340580e-03	8.741681e-03	1.633161e-02	8.741681e-03	1.340580e-03	5.890098e-05	0	0	0	0	0	0	0	0	0	0	0	0	0	0	
0	0	0	0	0	0	0	0	0	0	0	1.152248e-03	2.622504e-02	1.710088e-01	3.194864e-01	1.710088e-01	2.628394e-02	2.492828e-03	9.459242e-03	3.266322e-02	1.152372e-01	2.003003e-01	1.069385e-01	2.650841e-02	9.038370e-02	3.194864e-01	4.549224e-01	2.217326e-01	3.304730e-02	1.435122e-03	0	0	0	0	0	3.840827e-04	8.741681e-03	5.700292e-02	1.064955e-01	5.700292e-02	8.741681e-03	3.840827e-04	0	0	0	0	0	0	0	0	0	0	0	0	0	0	
0	0	0	0	0	0	7.763786e-06	1.767029e-04	1.152248e-03	2.152683e-03	1.152248e-03	3.534059e-04	4.029504e-03	2.623798e-02	4.928934e-02	2.814546e-02	7.612133e-03	2.156017e-03	1.062670e-03	9.472181e-03	5.738700e-02	1.065544e-01	5.772307e-02	2.584146e-02	1.243629e-01	3.129656e-01	3.194864e-01	1.303375e-01	1.820092e-02	7.681653e-04	0	0	0	0	0	7.175609e-04	1.633161e-02	1.064955e-01	1.989597e-01	1.064955e-01	1.633161e-02	7.175609e-04	0	0	0	0	0	0	0	0	0	0	0	0	0	0	
0	0	0	0	0	0	1.767029e-04	4.021741e-03	2.622504e-02	4.899483e-02	2.622504e-02	4.029504e-03	3.534059e-04	1.446753e-03	8.855584e-03	4.486065e-02	8.183475e-02	4.371617e-02	6.761802e-03	1.635085e-03	8.741681e-03	1.633161e-02	9.125764e-03	1.020006e-02	5.974298e-02	1.239788e-01	8.966614e-02	2.622504e-02	3.065243e-03	1.178020e-04	0	0	0	0	0	3.840827e-04	8.741681e-03	5.700292e-02	1.064955e-01	5.700292e-02	8.741681e-03	3.840827e-04	0	0	0	0	0	0	0	0	0	0	0	0	0	0	
0	0	0	0	0	0	1.152248e-03	2.622504e-02	1.710088e-01	3.194864e-01	1.710088e-01	2.622504e-02	1.152248e-03	1.920413e-03	4.370840e-02	2.850146e-01	5.324774e-01	2.850146e-01	4.371099e-02	1.979314e-03	3.840827e-04	7.175609e-04	4.429836e-04	1.404657e-03	8.862071e-03	1.709978e-02	1.017680e-02	2.108746e-03	1.767029e-04	5.175857e-06	0	0	0	0	0	5.890098e-05	1.340580e-03	8.741681e-03	1.633161e-02	8.741681e-03	1.340580e-03	5.890098e-05	0	0	0	0	0	0	0	0	0	0	0	0	0	0	
0	0	0	0	0	0	2.152683e-03	4.899483e-02	3.194864e-01	5.968792e-01	3.194864e-01	4.899483e-02	2.152683e-03	3.587804e-03	8.165805e-02	5.324774e-01	9.947987e-01	5.324774e-01	8.165805e-02	3.587804e-03	0	0	2.587929e-06	5.890098e-05	3.840827e-04	7.175609e-04	3.840827e-04	5.890098e-05	2.587929e-06	0	0	0	0	0	0	2.587929e-06	5.890098e-05	3.840827e-04	7.175609e-04	3.840827e-04	5.890098e-05	2.587929e-06	0	0	0	0	0	0	0	0	0	0	0	0	0	0	
0	0	0	0	0	0	1.152248e-03	2.622504e-02	1.710088e-01	3.194864e-01	1.710088e-01	2.622504e-02	1.152248e-03	1.920413e-03	4.370840e-02	2.850146e-01	5.324774e-01	2.850146e-01	4.370840e-02	1.920413e-03	0	0	0	0	0	0	0	0	0	0	0	0	0	0	0	0	0	0	0	0	0	0	0	0	0	0	0	0	0	0	0	0	0	0	0	0	
0	0	0	0	0	0	1.767029e-04	4.021741e-03	2.622504e-02	4.899483e-02	2.622504e-02	4.021741e-03	1.767029e-04	2.945049e-04	6.702901e-03	4.370840e-02	8.165805e-02	4.370840e-02	6.702901e-03	2.945049e-04	0	0	0	0	0	0	0	0	0	0	0	0	0	0	0	0	0	0	0	0	0	0	0	0	0	0	0	0	0	0	0	0	0	0	0	0	
0	0	0	0	0	0	7.763786e-06	1.767029e-04	1.152248e-03	2.152683e-03	1.152248e-03	1.767029e-04	7.763786e-06	1.293964e-05	2.945049e-04	1.920413e-03	3.587804e-03	1.920413e-03	2.945049e-04	1.293964e-05	0	0	0	0	0	0	0	0	0	0	0	0	0	0	0	0	0	0	0	0	0	0	0	0	0	0	0	0	0	0	0	0	0	0	0	0	
0	0	0	0	0	0	0	0	0	0	0	0	0	0	0	0	0	0	0	0	0	0	0	0	0	0	0	0	0	0	0	0	0	0	0	0	0	0	0	0	0	0	0	0	0	0	0	0	0	0	0	0	0	0	0	0	
0	0	0	0	0	0	0	0	0	0	0	0	0	0	0	0	0	0	0	0	0	0	0	0	0	0	0	0	0	0	0	0	0	0	0	0	0	0	0	0	0	0	0	0	0	0	0	0	0	0	0	0	0	0	0	0	
0	0	0	0	0	0	0	0	0	0	0	0	0	0	0	0	0	0	0	0	0	0	0	0	0	0	0	0	0	0	0	0	0	0	0	0	0	0	0	0	0	0	0	0	0	0	0	0	0	0	0	0	0	0	0	0	
0	0	0	0	0	0	0	0	0	0	0	0	0	0	0	0	0	0	0	0	0	0	0	0	0	0	0	0	0	0	0	0	0	0	0	0	0	0	0	0	0	0	0	0	0	0	0	0	0	0	0	0	0	0	0	0	
0	0	0	0	0	0	0	0	0	0	0	0	0	0	0	0	0	0	0	0	0	0	0	0	0	0	0	0	0	0	0	0	0	0	0	0	0	0	0	0	0	0	0	0	0	0	0	0	0	0	0	0	0	0	0	0	
0	0	0	0	0	0	0	0	0	0	0	0	0	0	0	0	0	0	0	0	0	0	0	0	0	0	0	0	0	0	0	0	0	0	0	0	0	0	0	0	0	0	0	0	0	0	0	0	0	0	0	0	0	0	0	0	
0	0	0	0	0	0	0	0	0	0	0	0	0	0	0	0	0	0	0	0	0	0	0	0	0	0	0	0	0	0	0	0	0	0	0	0	0	0	0	0	0	0	0	0	0	0	0	0	0	0	0	0	0	0	0	0	
0	0	0	0	0	0	0	0	0	0	0	0	0	0	0	0	0	0	0	0	0	0	0	0	0	0	0	0	0	0	0	0	0	0	0	0	0	0	0	0	0	0	0	0	0	0	0	0	0	0	0	0	0	0	0	0	
0	0	0	0	0	0	0	0	0	0	0	0	0	0	0	0	0	0	0	0	0	0	0	0	0	0	0	0	0	0	0	0	0	0	0	0	0	0	0	0	0	0	0	0	0	0	0	0	0	0	0	0	0	0	0	0	
0	0	0	0	0	0	0	0	0	0	0	0	0	0	0	0	0	0	0	0	0	0	0	0	0	0	0	0	0	0	0	0	0	0	0	0	0	0	0	0	0	0	0	0	0	0	0	0	0	0	0	0	0	0	0	0	
0	0	0	0	0	0	0	0	0	0	0	0	0	0	0	0	0	0	0	0	0	0	0	0	0	0	0	0	0	0	0	0	0	0	0	0	0	0	0	0	0	0	0	0	0	0	0	0	0	0	0	0	0	0	0	0	
0	0	0	0	0	0	0	0	0	0	0	0	0	0	0	0	0	0	0	0	0	0	0	0	0	0	0	0	0	0	0	0	0	0	0	0	0	0	0	0	0	0	0	0	0	0	0	0	0	0	0	0	0	0	0	0	
0	0	0	0	0	0	0	0	0	0	0	0	0	0	0	0	0	0	0	0	0	0	0	0	0	0	0	0	0	0	0	0	0	0	0	0	0	0	0	0	0	0	0	0	0	0	0	0	0	0	0	0	0	0	0	0	
0	0	0	0	0	0	0	0	0	0	0	0	0	0	0	0	0	0	0	0	0	0	0	0	0	0	0	0	0	0	0	0	0	0	0	0	0	0	0	0	0	0	0	0	0	0	0	0	0	0	0	0	0	0	0	0	
0	0	0	0	0	0	0	0	0	0	0	0	0	0	0	0	0	0	0	0	0	0	0	0	0	0	0	0	0	0	0	0	0	0	0	0	0	0	0	0	0	0	0	0	0	0	0	0	0	0	0	0	0	0	0	0	
